%Vec Object: 10 MPI processes
%  type: mpi
Vec_0x84000004_0 = [
1.0380374371354051e+00
1.0683217551420219e+00
1.1033999359021713e+00
1.0670819112308338e+00
1.0667261842078750e+00
1.1380452851608929e+00
1.1497390480129990e+00
1.0707095208662951e+00
1.1192936337812271e+00
1.1594329687582738e+00
1.0712668090027202e+00
1.5291496708917593e+00
1.3779847031916064e+00
1.1741455780232808e+00
1.0450519393745448e+00
8.2049061954442015e-01
1.1210279923156732e+00
1.7192800537024016e+00
1.5870428913238599e+00
1.2724134101200089e+00
1.2880378996058186e+00
1.9073997912010319e+00
1.1828630652374887e+00
1.8176547871657736e+00
9.4991494144371835e-01
1.1785108787155323e+00
1.3387601700104603e+00
1.1067157023007421e+00
1.4144001454565369e+00
1.4127052964012359e+00
2.0420314702976623e+00
1.3572756185655339e+00
1.1841351976109753e+00
1.1943235408551551e+00
1.3278408963974639e+00
1.2022629722602471e+00
1.1440197024090411e+00
8.0323488699178813e-01
1.3388686259243345e+00
1.4410276859049509e+00
1.9608617852069052e+00
1.5409501316523919e+00
8.6956912516622265e-01
1.9638701867346608e+00
1.1228503446532294e+00
1.1337055649662511e+00
1.5473327829622643e+00
1.0878074376287912e+00
1.1720417049813041e+00
1.1833250610233423e+00
1.1201606967502431e+00
8.2291756945695338e-01
1.1579196645859784e+00
1.6373698836563977e+00
1.8565350344370408e+00
1.6628842018089400e+00
1.9176231626901843e+00
2.2807016484842682e+00
1.9927626376980343e+00
1.5817918676762706e+00
1.5410868012549026e+00
2.3680148432766890e+00
2.1120748123243978e+00
1.7908681604582786e+00
8.9639381150545350e-01
1.1168667415690983e+00
1.9397672293620982e+00
1.5285485649763328e+00
1.2324559293847117e+00
1.1538408869023196e+00
1.4779419623569854e+00
1.1451526840408082e+00
1.4625646752559134e+00
1.2869844377497406e+00
1.4105153719795138e+00
1.4411486918820897e+00
1.5129928988563965e+00
1.6719219686971498e+00
1.5524055222879849e+00
1.3176356002836538e+00
1.2886802020486405e+00
9.6508999424948416e-01
1.2836258833532397e+00
1.4736976460870683e+00
1.4680264524072022e+00
1.4467524205949538e+00
1.3765708634238552e+00
1.2304342453468806e+00
1.5570588261732321e+00
1.9863643975288727e+00
1.0099012590735015e+00
1.4915363749227699e+00
1.5765178098302788e+00
1.3507575196100763e+00
1.3517008820718412e+00
1.2568214293780917e+00
1.3032387234994336e+00
1.3340777283187135e+00
9.9084698951743511e-01
1.2099254435052182e+00
8.9045414554210789e-01
1.3876095288484227e+00
1.1497747360956718e+00
1.0195277193603318e+00
1.3626032496349230e+00
1.3763820839512537e+00
1.7854070182189663e+00
1.5098148291544873e+00
1.0540049682803210e+00
2.6465585881013589e+00
1.2812314829044833e+00
1.0909282464655916e+00
1.8307049143287433e+00
1.2357402172316965e+00
1.2615188245125495e+00
1.9592544202273512e+00
1.4557762113741350e+00
1.1100618189918885e+00
1.2274590142220103e+00
1.4948204947158179e+00
1.2365146783155658e+00
1.5338994852843608e+00
1.9792554972268557e+00
1.4702588510616945e+00
1.2731550588424601e+00
1.1475329003269821e+00
1.0728602280027506e+00
1.1630645482070667e+00
1.6447508864357610e+00
1.0825644913181205e+00
9.0435918793776848e-01
1.0460877769955976e+00
1.3512309875518298e+00
1.0420398768747896e+00
1.0420412913262926e+00
1.0420373373476621e+00
1.0420388778707659e+00
1.0420381415676871e+00
1.0420433534781626e+00
1.0420419005183150e+00
1.0420412861476449e+00
1.0420406904840434e+00
1.0420408142379796e+00
1.0420422123310331e+00
1.0420405876661354e+00
1.0420402577801740e+00
1.0420396812804344e+00
1.0420409910259496e+00
1.0420415856438032e+00
1.0420359261760124e+00
1.0420398168907694e+00
1.0420449110887593e+00
1.0420421739291270e+00
1.0420340424802772e+00
1.0420421820784469e+00
1.0420447426298389e+00
1.0420398431323712e+00
1.0420572192501538e+00
1.0420418846533277e+00
1.0420416978839828e+00
1.0420377762386304e+00
1.0420370862699662e+00
1.0420368805541591e+00
1.0420371474087575e+00
1.0420408142484350e+00
1.0420400255096509e+00
1.0420402753151881e+00
1.0420405925805691e+00
1.0420384220802990e+00
1.0420402478823889e+00
1.0420415068465732e+00
1.0420428465609497e+00
1.0420397253291365e+00
1.0420372690293165e+00
1.0420427449941863e+00
1.0420433614213593e+00
1.0420431266431656e+00
1.0420414261373532e+00
1.0420765968231331e+00
1.0420448588589708e+00
1.0420390934956680e+00
1.0420404737656814e+00
1.0420434688575393e+00
1.0420423607045795e+00
1.0420435714767891e+00
1.0420749313025999e+00
1.0420408085975483e+00
1.0420469131435566e+00
1.0420437066099200e+00
1.0420287978202118e+00
1.0420323661181718e+00
1.0420295276646736e+00
1.0420299796203241e+00
1.0420228933623541e+00
1.0420374105296002e+00
1.0420274922391668e+00
1.0420406659197392e+00
1.0420469779894308e+00
1.0420537064917290e+00
1.3056888618704430e+00
1.0882745461854377e+00
1.6571091575672376e+00
1.2287078209377156e+00
1.1052763841263440e+00
1.1991053635136351e+00
1.1705501068552264e+00
1.1300254723832066e+00
1.1089337325537976e+00
1.2363665221394169e+00
1.1886569723565164e+00
1.1207338545464318e+00
1.0481109115660028e+00
1.1625042648935766e+00
1.0574174508179492e+00
1.0455364341932039e+00
1.1296789649364458e+00
1.0561135043046945e+00
1.1057973338391622e+00
1.1217484136060429e+00
1.0580623174745252e+00
1.1504466784822287e+00
1.1425954334063033e+00
1.5071694768322590e+00
1.1376403225374432e+00
1.1744139458771234e+00
1.1582356360605761e+00
1.1984131535083435e+00
1.0819321279057033e+00
1.0615134244668660e+00
1.1576211307886706e+00
1.2007119857738060e+00
1.0412119748696715e+00
1.2036729692212749e+00
1.2269254984711619e+00
1.1501453510872519e+00
1.0019566811933101e+00
1.1433565979702607e+00
1.1510163247701521e+00
1.0052294603120318e+00
1.1275219902781055e+00
1.0105413103095593e+00
1.0207168790336498e+00
1.0004011001378648e+00
9.8679734498876504e-01
9.6269819425695924e-01
9.8894354826653019e-01
1.1022601687599365e+00
1.1018880653539020e+00
1.0881169830657558e+00
1.0364116501645630e+00
1.0635200647517622e+00
8.9590413543610659e-01
9.9686228968732904e-01
1.0314654600973618e+00
1.0468660033969404e+00
1.2262395428209216e+00
1.0492752694039158e+00
1.0604367017287764e+00
1.0352133430892390e+00
1.0420039789664779e+00
1.0333846702321972e+00
1.0918442689370065e+00
1.1697265975979421e+00
1.0178821608371760e+00
1.0926179645294394e+00
1.5929554787205895e+00
1.6833661744685471e+00
1.0378700241777563e+00
1.6279485206403126e+00
1.2453792406441193e+00
1.6037169131899633e+00
1.5436865176619241e+00
1.9791778026724112e+00
1.8298281858151892e+00
1.8829892642131709e+00
2.9918769489972852e+00
2.4602246602165039e+00
1.6825505492278658e+00
1.4929489706409824e+00
8.7058087382567895e-01
1.6010674673161678e+00
2.5222725887920161e+00
2.2848902723772122e+00
1.8163483023701443e+00
2.4603461965496836e+00
2.5528036380548857e+00
2.1621433945128561e+00
4.5338021986503003e+00
9.4437759301944380e-01
1.6580549408887553e+00
2.4065696357017412e+00
1.6226890456926246e+00
1.8597123997048806e+00
2.0696245806790849e+00
4.1266197514572580e+00
1.6908064211923923e+00
7.8335676933335985e-01
1.4310108124524139e+00
5.3765812826775161e-01
1.7294132267118698e+00
1.1492804098406633e+00
1.0244485695725398e+00
2.2594031173423681e+00
3.4002512691287063e+00
3.1591941292226373e+00
1.9486333295148135e+00
1.0700586022765237e+00
3.7320071749008159e+00
1.5037713855062667e+00
1.5960306846447176e+00
3.2002072101904355e+00
1.2707059260889069e+00
1.2635872046120051e+00
2.2550392191430149e+00
1.5369582579645109e+00
1.2021756881763357e+00
2.4553218589462773e+00
3.5925094546445884e+00
4.6119057682024041e+00
3.8809411059462295e+00
4.2139641282829574e+00
2.7811126065689660e+00
2.3527635744279194e+00
1.7666337522944651e+00
1.8461034090410067e+00
3.4015739189942051e+00
2.4037283406396330e+00
1.0587658057596587e+00
5.6929734650328634e-01
1.1477916448985221e+00
2.5968958019837665e+00
9.9957046371939906e-01
1.0188388669373312e+00
9.9999740357210465e-01
1.0380326052019522e+00
1.0497299659427395e+00
1.0204177225666962e+00
1.0586593857383040e+00
1.0176212037811827e+00
1.0169051964791187e+00
1.0527138481869720e+00
1.0309306179754341e+00
1.0308630806806205e+00
1.0201839777666197e+00
1.0247774732442285e+00
