%Vec Object: 40 MPI processes
%  type: mpi
Vec_0x84000004_0 = [
1.0364224986570336e+00
1.0628728793250901e+00
1.0947855996571632e+00
1.0614625168574130e+00
1.0602578593639376e+00
1.1314551121864553e+00
1.1389003357136114e+00
1.0642790071024391e+00
1.1137494803499093e+00
1.1525865832401270e+00
1.0664182855944238e+00
1.5201325991037933e+00
1.3704674687342255e+00
1.1629837166167356e+00
1.0388328694733564e+00
8.1788376546888264e-01
1.1148554039799237e+00
1.7119855026919801e+00
1.5765273416068344e+00
1.2636656765155210e+00
1.2812189456867533e+00
1.9015617770798867e+00
1.1772664047954513e+00
1.8035528863815604e+00
9.4593937775333869e-01
1.1569526399005616e+00
1.3321549859797253e+00
1.0995760129251184e+00
1.4058048761278759e+00
1.4047894525318294e+00
2.0303005623090131e+00
1.3497831785953929e+00
1.1773341252351079e+00
1.1874404170418413e+00
1.3222042190009251e+00
1.1960690904717119e+00
1.1377555065497527e+00
7.9757023950667671e-01
1.3304397147182407e+00
1.4298152166609093e+00
1.9456776644886644e+00
1.5320554187766846e+00
8.6375324483232718e-01
1.9488473151951475e+00
1.1082056632430481e+00
1.1249016517417918e+00
1.5200727338272606e+00
1.0846743692434038e+00
1.1602420012158885e+00
1.1771543020119772e+00
1.1086244970656982e+00
8.1493257337317349e-01
1.1425208799261788e+00
1.5883941517755589e+00
1.8414020945744731e+00
1.6399545423280246e+00
1.9043599902581014e+00
2.2835332328184834e+00
1.9818824353263986e+00
1.5868889956296552e+00
1.5420517982378585e+00
2.3719760606906450e+00
2.0966686922156459e+00
1.7803916460422580e+00
8.9035722086673874e-01
1.1015402488350126e+00
1.9115577263017824e+00
1.5111362373341499e+00
1.2202274537507742e+00
1.1423297062249562e+00
1.4633190772622897e+00
1.1341010470299147e+00
1.4405859586223406e+00
1.2743749767250347e+00
1.3956342654616150e+00
1.4267463998022583e+00
1.4976011494797785e+00
1.6537864916185607e+00
1.5366495823926469e+00
1.3032366549151337e+00
1.2755124107231479e+00
9.5585560413168258e-01
1.2714998825033212e+00
1.4627739916361777e+00
1.4532941688685903e+00
1.4178019596509737e+00
1.3594690919207948e+00
1.2250640653195746e+00
1.5405194624465774e+00
1.9611376307579460e+00
9.9829897610964480e-01
1.4419618873850122e+00
1.5594862055882932e+00
1.3369542648844743e+00
1.3400616067325617e+00
1.2462392139440233e+00
1.2915244921913258e+00
1.3221371014991519e+00
9.8168072636535297e-01
1.1979924661687942e+00
8.7870395865318607e-01
1.3744986907587318e+00
1.1394761192720877e+00
1.0101689570652277e+00
1.3488243498790842e+00
1.3577925106301914e+00
1.7680514912385790e+00
1.4954882027368246e+00
1.0415213399309036e+00
2.6187121144912200e+00
1.2584955588852127e+00
1.0764685457189007e+00
1.7705147499605267e+00
1.2240882003569040e+00
1.2473616159078025e+00
1.9387310468215271e+00
1.4349770462750637e+00
1.0961210747102765e+00
1.2067636639657275e+00
1.4275866142274540e+00
1.2214919269669766e+00
1.5007062534670141e+00
1.9570441405293906e+00
1.4734998524287584e+00
1.2639794474382391e+00
1.1560453984918864e+00
1.0751176175911135e+00
1.1672121649798284e+00
1.6288136754612097e+00
1.0725246285155212e+00
8.9447575679529912e-01
1.0192460287971554e+00
1.3202120648975080e+00
1.0405632604958015e+00
1.0405653682107534e+00
1.0405592052671218e+00
1.0405635306081105e+00
1.0405616675905824e+00
1.0405667310005913e+00
1.0405638660880625e+00
1.0405644161181486e+00
1.0405639880671849e+00
1.0405658303954246e+00
1.0405649746297589e+00
1.0405640513950101e+00
1.0405637702405688e+00
1.0405636214574860e+00
1.0405633880725518e+00
1.0405632843997157e+00
1.0405606797954272e+00
1.0405632789504213e+00
1.0405702089259914e+00
1.0405649139822863e+00
1.0405606036952242e+00
1.0405657837320812e+00
1.0405672222746347e+00
1.0405634111906352e+00
1.0405798342338857e+00
1.0405643876091275e+00
1.0405642928577998e+00
1.0405607868756361e+00
1.0405604849765702e+00
1.0405625624314969e+00
1.0405609002633927e+00
1.0405610206697211e+00
1.0405618826377596e+00
1.0405598612235509e+00
1.0405629155112677e+00
1.0405619093016218e+00
1.0405642574606786e+00
1.0405641992835475e+00
1.0405660181358234e+00
1.0405633713961895e+00
1.0405625814143493e+00
1.0405636311231978e+00
1.0405676865588998e+00
1.0405655572816319e+00
1.0405650445052195e+00
1.0405975376863346e+00
1.0405604493402580e+00
1.0405677990290132e+00
1.0405657385749898e+00
1.0405655249281027e+00
1.0405656037024533e+00
1.0405664800450352e+00
1.0405841038739811e+00
1.0405644301326180e+00
1.0405699712965919e+00
1.0405652706659283e+00
1.0405529847438242e+00
1.0405570345950297e+00
1.0405558999858502e+00
1.0405543699941406e+00
1.0405456937956248e+00
1.0405594765470207e+00
1.0405511430931627e+00
1.0405612778027773e+00
1.0405711526859998e+00
1.0405755277325521e+00
1.2930872140324465e+00
1.0774334514364321e+00
1.6401366069982375e+00
1.2167519938176168e+00
1.0953787592076811e+00
1.1862217317227532e+00
1.1592855939519136e+00
1.1174503767284247e+00
1.0974124883259280e+00
1.2234337125980577e+00
1.1746891023212735e+00
1.1089019557253226e+00
1.0361404281238897e+00
1.1504125609546199e+00
1.0474586334728972e+00
1.0358030725735070e+00
1.1229010177422831e+00
1.0452870590576719e+00
1.0827009225945725e+00
1.1064604293253368e+00
1.0549874024895958e+00
1.1374962548531540e+00
1.1247660115599052e+00
1.4927422545280593e+00
1.1192123616052942e+00
1.1606967998854980e+00
1.1458970976400491e+00
1.1891497730210245e+00
1.0734920967839152e+00
1.0520285044917022e+00
1.1481977005814274e+00
1.1914304612223499e+00
1.0308761220536784e+00
1.1898200673480583e+00
1.2156057700357397e+00
1.1413253131477878e+00
9.9122455228972384e-01
1.1315007995753676e+00
1.1342312838086370e+00
9.9485711338344740e-01
1.1160292370803020e+00
1.0004055660037730e+00
1.0133066818402425e+00
9.8484389887027535e-01
9.7267592607555309e-01
9.2353920739816731e-01
9.7929337755285473e-01
1.0914726293244574e+00
1.0916084568353295e+00
1.0804144621778506e+00
1.0224326339480911e+00
1.0434717611102531e+00
8.3713962460539648e-01
9.8400735790660654e-01
1.0019314133640103e+00
1.0332916428549828e+00
1.2348765044455674e+00
1.0389957046487268e+00
1.0719734816754223e+00
1.0383985639309325e+00
1.0476646577883426e+00
1.0210651777035742e+00
1.0872347543131042e+00
1.1603404711510152e+00
9.8771257682644609e-01
1.0631582163949207e+00
1.5741145456612649e+00
1.6668072818003576e+00
1.0276077167821533e+00
1.6117093457738394e+00
1.2313561917111371e+00
1.5766152428753502e+00
1.5280711484341525e+00
1.9598602463217025e+00
1.8121379692018758e+00
1.8643714482184139e+00
2.9632675301684710e+00
2.4364661608521763e+00
1.6649737129837705e+00
1.4780629420749600e+00
8.6209641032083706e-01
1.5857237618193358e+00
2.4974463791283918e+00
2.2625279947874661e+00
1.7812222511261506e+00
2.4369896075540485e+00
2.5265582389878083e+00
2.1404887305848121e+00
4.4912013108792044e+00
9.3319601545860376e-01
1.5929620107702513e+00
2.3831993623700547e+00
1.6068923269703241e+00
1.8397179272379891e+00
2.0484479080035922e+00
4.0885958590850517e+00
1.6735506325051392e+00
7.7452360015012445e-01
1.4169945773162400e+00
5.2878169635160566e-01
1.7124313902112407e+00
1.1369654744651585e+00
1.0154772969024926e+00
2.2380232580464070e+00
3.3693431403384868e+00
3.1299789660079860e+00
1.9312126250722668e+00
1.0566964593235015e+00
3.6893755564630166e+00
1.4751197739154245e+00
1.5806972496879879e+00
3.1123860356590440e+00
1.2587748916784340e+00
1.2493959362709870e+00
2.2308703848999949e+00
1.5130769576849001e+00
1.1883375915712768e+00
2.4340305042585197e+00
3.5355652884690758e+00
4.5715623976621202e+00
3.8461475797526803e+00
4.1733001619770045e+00
2.7473598546747136e+00
2.3527156150109594e+00
1.7503107223315568e+00
1.8256879137360236e+00
3.3645975585069658e+00
2.3841475889977901e+00
1.0349769064168834e+00
5.5965111778796850e-01
1.1338236703292879e+00
2.5648161969291641e+00
9.9013658508712732e-01
1.0180480318905079e+00
9.9999862880505819e-01
1.0364412716738280e+00
1.0457624551704883e+00
1.0187168825212405e+00
1.0537460779912577e+00
1.0159127058751427e+00
1.0160972162239417e+00
1.0488950363666885e+00
1.0281162247609372e+00
1.0294289803532701e+00
1.0193165124910495e+00
1.0230908576448039e+00
